59.0|0.005|4022.796
57.1|0.007|4022.831
60.1|0.006|4023.304
60.0|0.006|4023.873
60.4|0.006|4024.033
60.0|0.004|4024.068
59.9|0.005|4024.104
60.0|0.003|4024.673
60.1|0.002|4027.517
51.6|0.008|4061.559
20.7|0.047|4194.546
54.9|0.034|4419.216
50.6|0.013|4254.861
59.7|0.008|4262.457
38.1|0.015|4278.124
59.0|0.009|4292.789
42.6|0.012|4302.518
29.7|0.021|4324.727
30.0|0.020|4336.624
56.2|0.013|4312.071
55.6|0.056|4727.789
59.8|0.042|4755.036
33.0|0.036|4825.705
34.0|0.015|4814.746
39.2|0.005|4814.781
40.0|0.004|4815.815
40.1|0.004|4815.851
40.0|0.005|4816.726
39.9|0.004|4832.162
40.0|0.006|4844.243
40.1|0.004|4844.278
40.1|0.004|4844.661
40.1|0.004|4844.696
40.0|0.004|4851.899
40.0|0.004|4851.935
26.0|0.020|4830.504
35.0|0.010|4862.809
39.3|0.005|4865.709
40.2|0.011|4843.806
36.1|0.009|4843.999
39.6|0.025|4876.550
33.5|0.011|4883.448
39.1|0.005|4883.483
39.9|0.004|4883.906
40.1|0.004|4891.073
40.1|0.004|4885.210
40.0|0.004|4885.245
40.1|0.005|4871.408
40.0|0.004|4871.939
40.1|0.005|4873.557
39.9|0.013|4873.592
37.7|0.026|4857.081
33.1|0.012|4878.313
39.1|0.005|4878.736
40.0|0.004|4879.675
40.1|0.005|4882.738
38.9|0.019|4873.475
35.9|0.009|4868.617
39.6|0.005|4868.811
40.0|0.014|4869.075
38.6|0.006|4871.852
34.6|0.011|4832.027
39.3|0.005|4832.221
37.9|0.007|4832.485
39.7|0.005|4835.614
40.0|0.004|4835.860
40.0|0.004|4836.032
39.9|0.004|4836.278
40.0|0.004|4843.497
40.1|0.004|4843.743
40.0|0.004|4843.915
40.1|0.004|4844.161
39.9|0.004|4845.753
40.0|0.004|4846.607
39.9|0.004|4846.885
40.1|0.004|4847.646
40.1|0.004|4848.741
40.0|0.004|4849.006
40.1|0.005|4849.199
40.1|0.004|4855.816
39.9|0.004|4856.838
39.9|0.019|4890.503
34.1|0.010|4892.810
39.2|0.005|4895.818
40.0|0.004|4895.990
30.2|0.008|4912.725
37.5|0.006|4840.682
38.4|0.006|4888.416
34.4|0.013|4908.264
35.8|0.008|4892.788
26.0|0.032|4902.413
36.6|0.008|4851.760
39.6|0.004|4852.183
40.1|0.005|4865.474
33.6|0.011|4881.262
39.0|0.005|4883.728
33.0|0.012|4884.328
34.1|0.010|4884.363
38.9|0.005|4884.765
39.9|0.004|4887.365
34.8|0.019|4919.143
35.0|0.009|4861.042
33.4|0.013|4873.303
36.4|0.010|4885.399
39.6|0.007|4909.752
30.3|0.025|4871.442
37.3|0.009|4914.013
37.9|0.007|4914.583
39.8|0.005|4914.776
40.0|0.004|4915.022
40.1|0.004|4917.286
40.0|0.004|4917.458
40.1|0.004|4918.471
39.9|0.004|4918.643
40.0|0.004|4927.636
27.2|0.018|4951.701
38.3|0.007|4945.835
39.8|0.005|4947.418
33.4|0.013|4942.807
39.2|0.007|4943.000
36.9|0.009|4938.149
39.7|0.005|4938.321
39.9|0.004|4941.223
40.1|0.005|4941.395
40.0|0.004|4941.641
40.0|0.004|4941.813
40.1|0.003|4950.703
40.0|0.004|4950.875
40.1|0.004|4951.121
40.1|0.004|4952.000
40.1|0.003|4945.904
39.9|0.004|4946.896
39.9|0.004|4892.609
37.8|0.006|4889.907
34.9|0.010|4890.103
39.6|0.009|4897.707
37.0|0.008|4897.742
36.9|0.008|4959.987
39.6|0.004|4960.022
39.8|0.004|4960.405
40.0|0.004|4960.440
40.1|0.004|4949.577
40.1|0.003|4949.612
40.0|0.004|4946.645
39.9|0.004|4946.680
40.1|0.004|4943.019
40.1|0.004|4943.265
38.2|0.006|4943.437
34.7|0.018|4894.563
38.5|0.006|4940.729
39.9|0.004|4940.993
39.9|0.004|4941.932
40.1|0.004|4942.826
40.1|0.008|4967.323
37.3|0.007|4962.742
39.8|0.006|4962.936
31.8|0.015|4936.407
38.7|0.005|4938.738
39.9|0.003|4939.003
40.1|0.005|4952.840
36.4|0.008|4973.580
39.6|0.004|4925.227
39.9|0.004|4925.491
40.1|0.013|4962.522
36.5|0.007|4960.304
39.7|0.004|4906.796
40.0|0.004|4906.831
40.0|0.005|4936.954
33.8|0.011|4939.827
39.3|0.005|4940.021
40.0|0.005|4941.360
39.0|0.006|4924.182
39.8|0.006|4924.467
33.5|0.011|4924.660
39.1|0.005|4924.695
27.4|0.019|4964.068
38.2|0.006|4909.662
36.7|0.016|4940.610
38.7|0.005|4940.964
40.3|0.019|4919.597
38.7|0.006|4965.835
37.7|0.008|4973.007
39.7|0.004|4973.200
38.4|0.005|4973.446
39.9|0.004|4980.830
34.1|0.019|4942.989
33.0|0.012|4941.971
39.0|0.004|4942.217
39.9|0.003|4944.270
40.0|0.004|4964.030
40.0|0.003|4964.969
40.0|0.005|4972.313
32.7|0.011|4944.499
33.7|0.012|4965.053
39.2|0.004|4965.246
38.0|0.005|4966.752
39.7|0.019|4953.362
38.7|0.005|4903.331
39.8|0.012|4967.439
34.5|0.009|4961.080
39.3|0.005|4942.070
38.1|0.005|4942.105
32.6|0.012|4908.203
36.5|0.007|4947.721
34.3|0.011|4930.180
39.2|0.004|4930.215
37.7|0.009|4924.762
39.7|0.004|4931.910
36.8|0.007|4961.122
29.3|0.027|4958.629
37.1|0.007|4943.643
39.7|0.004|4946.582
38.8|0.005|4930.305
37.0|0.007|4930.498
33.5|0.011|4980.134
39.3|0.005|4981.599
39.8|0.005|4944.437
38.3|0.016|4969.809
34.9|0.009|4954.799
39.2|0.004|4963.077
39.9|0.003|4963.112
40.1|0.005|4968.215
39.9|0.004|4973.693
36.6|0.018|4992.443
39.6|0.006|4992.951
39.9|0.005|4993.123
40.0|0.005|4994.578
40.0|0.005|4994.750
40.0|0.005|4995.552
31.7|0.013|4972.016
39.2|0.005|4979.181
40.0|0.003|4979.374
39.9|0.004|4995.710
40.1|0.003|4995.882
36.9|0.010|4974.201
38.5|0.007|4972.782
39.9|0.005|4998.201
40.0|0.005|4998.373
39.9|0.005|5001.879
40.0|0.005|5002.051
40.0|0.004|5002.297
40.4|0.013|4994.439
32.7|0.012|5004.516
29.6|0.019|4986.549
36.7|0.008|5007.872
39.7|0.005|5008.295
40.0|0.004|5010.794
34.7|0.009|5026.817
39.4|0.005|5026.978
32.2|0.015|5025.150
39.0|0.006|5028.089
39.9|0.005|5028.512
40.1|0.005|5028.547
40.0|0.006|5030.350
38.0|0.008|5005.231
38.5|0.006|5006.300
39.8|0.005|5007.081
40.0|0.004|5010.244
39.9|0.004|5010.490
40.1|0.004|5010.662
40.0|0.006|5047.044
36.8|0.008|4981.416
38.3|0.007|4990.706
38.3|0.006|4990.899
39.7|0.005|4991.164
40.0|0.004|4998.622
40.0|0.005|4998.868
39.9|0.005|4999.807
40.1|0.005|5000.053
39.9|0.005|5001.645
40.1|0.005|5001.891
40.1|0.004|5002.063
40.1|0.004|5002.309
40.1|0.005|5003.900
40.1|0.005|5004.165
40.1|0.005|5004.337
40.0|0.005|5004.602
39.9|0.005|5011.577
40.1|0.005|5011.842
26.2|0.028|5036.507
37.0|0.008|4990.938
39.6|0.016|5007.127
33.3|0.011|5054.110
39.1|0.005|5054.375
39.8|0.007|5030.284
35.3|0.011|5031.591
39.4|0.005|5032.426
40.1|0.005|5032.797
40.1|0.004|5034.639
40.1|0.004|5039.853
35.7|0.008|5039.926
36.4|0.009|5039.961
38.0|0.007|5042.225
37.5|0.007|5042.260
39.8|0.005|5042.643
40.1|0.004|5042.678
32.4|0.012|4965.025
39.0|0.013|4993.697
39.5|0.013|4993.891
39.1|0.006|4994.155
39.9|0.005|5001.691
32.0|0.013|5032.650
38.8|0.008|5039.586
36.5|0.009|5039.621
32.8|0.013|5033.021
38.8|0.013|4976.931
33.7|0.011|5015.588
39.2|0.005|5016.388
39.8|0.010|5002.987
38.0|0.007|5003.022
39.6|0.005|5003.427
34.9|0.010|4962.248
39.3|0.005|4969.704
37.1|0.008|5002.636
39.6|0.005|5002.808
33.9|0.012|5027.729
39.3|0.007|5027.922
40.1|0.005|5009.196
37.7|0.008|5001.534
36.6|0.008|5003.838
34.3|0.013|5037.363
39.4|0.005|4976.799
31.8|0.013|4980.258
39.1|0.005|4982.174
39.9|0.005|4988.059
40.3|0.008|5041.813
38.7|0.006|5041.984
31.4|0.015|5024.084
38.8|0.006|5024.277
40.4|0.008|4975.081
37.8|0.008|5031.239
33.3|0.011|4971.431
39.5|0.005|4971.624
32.4|0.015|4965.757
39.0|0.005|4966.110
40.1|0.007|5029.592
31.6|0.013|5029.764
33.2|0.013|4964.477
38.9|0.005|4964.670
38.6|0.008|5001.308
39.8|0.007|5041.945
39.3|0.005|5028.537
39.9|0.007|5028.730
40.1|0.005|5008.748
38.5|0.006|5021.893
35.5|0.009|5004.800
39.1|0.005|5005.528
36.8|0.009|5032.624
33.1|0.014|4984.100
38.9|0.006|4984.135
39.8|0.004|4985.074
40.0|0.006|4986.455
35.0|0.010|5025.735
30.9|0.016|4998.484
38.5|0.006|5001.963
34.1|0.009|4959.251
38.0|0.015|4983.053
38.9|0.005|4983.246
40.0|0.007|5030.790
40.1|0.005|4966.310
38.3|0.006|4966.574
33.7|0.011|4967.294
39.2|0.016|4998.182
38.4|0.017|5007.706
34.7|0.010|4968.743
39.4|0.005|4968.937
39.8|0.004|4971.304
36.8|0.014|5108.365
39.5|0.007|5111.604
36.8|0.014|5127.751
39.7|0.007|5092.523
39.9|0.006|5092.695
40.1|0.007|5092.730
40.1|0.007|5094.040
40.1|0.006|5137.006
38.8|0.005|5144.011
39.9|0.011|5144.046
38.9|0.005|5082.383
40.0|0.016|5063.650
33.2|0.015|5078.994
39.1|0.007|5057.242
40.0|0.006|5059.242
40.1|0.006|5064.813
40.0|0.006|5065.752
40.0|0.005|5065.998
40.1|0.006|5067.590
40.0|0.006|5067.836
40.1|0.006|5068.008
40.2|0.018|5051.134
35.0|0.010|5115.288
39.3|0.006|5115.323
40.0|0.005|5115.746
40.1|0.006|5115.781
31.5|0.017|5049.368
38.7|0.007|5049.562
39.9|0.017|5088.248
39.0|0.007|5088.420
40.0|0.006|5090.547
39.9|0.006|5103.438
33.9|0.013|5117.600
39.2|0.006|5119.195
39.8|0.006|5121.498
40.1|0.006|5122.312
40.1|0.006|5122.683
40.0|0.006|5123.351
40.0|0.006|5130.116
40.0|0.006|5130.288
40.1|0.006|5130.534
28.8|0.028|5070.498
33.5|0.013|5061.896
39.1|0.007|5062.090
34.3|0.012|5105.840
39.3|0.006|5109.770
39.9|0.006|5110.569
39.9|0.006|5110.741
40.1|0.006|5110.987
40.0|0.006|5112.579
40.1|0.006|5118.421
40.0|0.006|5118.593
40.1|0.006|5118.839
40.1|0.006|5120.431
29.8|0.018|5146.385
38.5|0.008|5073.463
39.8|0.006|5073.728
40.1|0.006|5076.324
39.9|0.006|5076.570
40.1|0.006|5076.764
40.0|0.006|5077.010
40.0|0.006|5079.326
40.1|0.008|5084.443
40.0|0.006|5084.615
40.0|0.006|5085.947
39.9|0.006|5087.148
32.8|0.014|5135.322
39.2|0.007|5135.516
39.9|0.006|5136.315
39.8|0.006|5113.833
40.0|0.007|5114.079
33.4|0.015|5042.456
35.8|0.020|5059.752
33.9|0.013|5111.761
39.3|0.007|5112.563
39.9|0.006|5112.985
39.9|0.006|5115.112
40.0|0.007|5115.284
40.0|0.006|5115.530
40.1|0.013|5114.271
37.1|0.010|5116.594
37.2|0.018|5113.741
38.6|0.007|5113.776
39.9|0.006|5114.199
39.9|0.006|5102.118
39.9|0.014|5075.707
39.0|0.007|5075.879
40.0|0.006|5076.125
40.0|0.006|5077.717
34.6|0.012|5113.024
39.4|0.006|5113.698
38.4|0.016|5050.627
30.1|0.027|5097.928
35.3|0.011|5052.003
39.4|0.006|5052.196
40.0|0.006|5054.030
34.2|0.014|5105.378
39.1|0.007|5105.413
40.0|0.006|5105.796
28.8|0.020|5106.267
38.4|0.008|5037.841
33.2|0.013|5038.287
39.1|0.007|5040.797
38.0|0.008|5043.839
39.6|0.018|5049.479
31.9|0.015|5098.596
38.8|0.006|5098.789
39.9|0.006|5100.990
40.0|0.008|5109.853
36.4|0.009|5035.897
33.6|0.024|5108.913
37.8|0.009|5030.624
26.5|0.022|5069.854
33.5|0.013|5106.725
39.1|0.006|5107.468
40.0|0.005|5109.514
40.1|0.006|5109.896
40.0|0.005|5109.932
40.0|0.005|5110.314
40.1|0.006|5111.770
40.0|0.006|5118.713
40.1|0.006|5118.748
32.3|0.015|5073.835
38.9|0.015|5071.868
34.9|0.011|5064.610
31.9|0.016|5102.459
27.5|0.033|5028.065
36.6|0.009|5064.352
39.5|0.006|5064.545
40.1|0.009|5114.662
40.1|0.007|5126.592
40.0|0.024|5152.166
35.5|0.011|5139.970
39.3|0.007|5140.005
40.0|0.007|5142.756
40.0|0.007|5142.791
37.8|0.008|5118.857
37.6|0.008|5118.893
39.7|0.006|5135.280
40.1|0.005|5135.315
33.1|0.014|5081.511
34.9|0.013|5066.206
39.4|0.007|5115.071
39.9|0.007|5120.586
40.2|0.006|5120.987
39.8|0.006|5121.519
40.1|0.006|5122.825
40.0|0.007|5122.860
40.0|0.006|5121.743
40.0|0.006|5122.274
40.1|0.007|5123.581
40.0|0.006|5124.206
40.0|0.006|5124.694
28.0|0.030|5109.399
37.1|0.009|5139.634
37.7|0.020|5102.495
38.5|0.008|5141.904
40.0|0.007|5144.050
34.5|0.013|5073.737
39.3|0.007|5074.640
40.0|0.007|5075.063
40.1|0.006|5078.598
40.1|0.006|5078.844
39.7|0.006|5079.016
39.7|0.006|5079.262
40.0|0.006|5080.854
39.9|0.006|5086.770
39.8|0.006|5086.941
39.8|0.006|5087.188
39.9|0.007|5088.779
40.2|0.006|5089.044
40.0|0.008|5089.911
40.1|0.006|5090.176
40.2|0.006|5091.768
40.2|0.006|5092.032
40.0|0.006|5092.455
40.2|0.006|5092.986
39.9|0.006|5094.312
40.1|0.006|5099.109
40.2|0.006|5099.511
40.2|0.006|5100.632
39.7|0.006|5102.063
40.1|0.006|5102.098
40.0|0.006|5102.499
30.8|0.023|5146.136
37.8|0.008|5145.902
31.1|0.017|5142.814
38.8|0.008|5143.008
39.6|0.007|5145.830
40.1|0.010|5152.766
32.2|0.015|5146.888
39.1|0.008|5147.081
39.9|0.007|5149.208
40.0|0.007|5149.380
39.9|0.007|5149.626
25.7|0.031|5149.400
36.7|0.010|5110.460
39.5|0.007|5111.203
39.9|0.006|5111.238
38.7|0.007|5111.621
39.9|0.006|5113.882
39.8|0.006|5120.556
40.0|0.006|5120.591
36.9|0.012|5106.290
35.8|0.011|5097.778
38.2|0.008|5143.478
37.3|0.009|5143.513
39.6|0.007|5144.431
40.0|0.006|5134.982
39.9|0.006|5131.822
40.1|0.006|5127.498
40.0|0.008|5126.167
40.1|0.007|5095.003
31.4|0.025|5105.013
37.5|0.008|5049.375
39.6|0.007|5050.855
40.1|0.006|5050.891
40.0|0.006|5051.273
40.0|0.006|5051.309
40.1|0.006|5053.878
39.9|0.005|5054.050
40.0|0.006|5054.296
40.1|0.007|5054.468
40.2|0.007|5055.970
36.7|0.023|5128.502
38.4|0.008|5105.877
39.9|0.006|5106.300
40.1|0.006|5108.791
40.1|0.007|5109.174
35.1|0.024|5097.825
37.8|0.008|5105.591
39.9|0.006|5107.845
40.1|0.006|5108.017
40.1|0.006|5108.263
40.0|0.006|5108.931
40.1|0.006|5110.101
40.1|0.006|5116.993
40.0|0.006|5117.239
40.0|0.006|5118.549
40.0|0.006|5119.844
37.1|0.021|5117.084
38.7|0.007|5117.119
39.9|0.006|5118.037
39.6|0.006|5119.418
31.8|0.016|5089.839
39.0|0.006|5090.034
39.7|0.008|5092.468
39.3|0.007|5100.098
38.3|0.008|5106.494
34.5|0.013|5101.189
39.3|0.007|5103.264
40.1|0.006|5103.510
39.9|0.020|5099.103
38.7|0.007|5052.408
39.8|0.007|5055.420
40.1|0.006|5055.455
40.1|0.008|5055.838
34.5|0.013|5117.051
39.4|0.009|5068.985
36.7|0.011|5123.971
39.7|0.007|5124.164
36.9|0.009|5051.472
27.7|0.020|5092.991
37.9|0.010|5054.058
35.1|0.011|5117.025
28.5|0.021|5116.052
38.6|0.010|5057.397
39.9|0.007|5057.662
29.0|0.019|5099.738
35.6|0.013|5133.902
35.0|0.011|5135.902
39.3|0.018|5132.190
39.1|0.007|5132.384
40.0|0.007|5133.165
37.1|0.017|5089.638
35.0|0.011|5141.274
38.8|0.006|5141.468
39.9|0.007|5066.728
40.1|0.007|5109.410
40.1|0.007|5111.207
35.7|0.017|5155.084
39.5|0.009|5157.160
39.9|0.007|5157.332
40.1|0.008|5162.729
40.1|0.009|5162.901
40.1|0.008|5164.493
40.0|0.008|5149.689
39.9|0.008|5150.649
39.9|0.008|5140.813
40.0|0.007|5142.813
40.2|0.010|5130.636
29.8|0.020|5150.693
38.7|0.009|5128.888
39.8|0.007|5146.267
40.0|0.007|5151.738
40.0|0.007|5152.140
40.1|0.006|5152.175
40.0|0.006|5154.744
40.1|0.007|5154.779
40.0|0.010|5132.727
38.0|0.009|5133.297
39.3|0.018|5169.307
39.0|0.008|5169.342
39.9|0.008|5158.965
34.3|0.015|5185.967
39.3|0.008|5188.470
40.0|0.008|5195.128
39.9|0.007|5195.300
40.1|0.007|5196.966
40.0|0.017|5153.160
33.5|0.014|5172.652
39.2|0.007|5172.846
40.0|0.007|5175.047
40.1|0.007|5175.219
40.1|0.006|5175.465
40.1|0.006|5175.637
40.1|0.006|5178.088
39.9|0.007|5183.887
40.0|0.007|5184.151
39.9|0.007|5184.323
39.9|0.007|5186.008
39.9|0.007|5186.180
40.0|0.007|5171.396
39.9|0.008|5189.249
40.2|0.009|5131.206
38.4|0.009|5159.003
38.3|0.009|5172.729
39.9|0.009|5190.168
32.9|0.015|5158.570
39.0|0.009|5174.906
38.3|0.009|5175.171
29.5|0.029|5191.319
36.9|0.010|5190.794
39.3|0.009|5191.217
36.0|0.012|5116.034
39.6|0.009|5119.622
40.0|0.008|5119.887
32.4|0.016|5162.252
39.1|0.008|5162.287
39.9|0.008|5165.439
39.9|0.008|5165.475
39.3|0.009|5171.484
40.0|0.008|5171.520
40.1|0.008|5173.322
40.1|0.008|5173.357
39.9|0.007|5174.507
40.1|0.007|5174.542
40.1|0.008|5176.345
40.0|0.007|5176.380
40.0|0.007|5176.781
40.0|0.007|5176.816
26.6|0.019|5177.943
38.0|0.009|5112.400
34.8|0.013|5107.586
39.3|0.008|5107.781
39.9|0.008|5111.646
35.0|0.013|5167.829
29.5|0.022|5205.406
38.3|0.010|5146.705
39.9|0.007|5148.947
36.9|0.012|5128.078
28.9|0.020|5174.297
38.5|0.009|5170.579
34.7|0.020|5186.242
38.5|0.009|5116.461
38.2|0.010|5117.386
35.9|0.012|5173.093
39.4|0.017|5171.672
35.9|0.012|5104.813
39.6|0.007|5105.078
39.9|0.007|5107.261
40.0|0.007|5107.507
31.7|0.016|5180.301
32.8|0.016|5135.954
39.1|0.008|5138.721
40.2|0.019|5095.709
39.0|0.008|5101.244
37.7|0.011|5091.261
37.3|0.010|5093.261
36.8|0.010|5117.298
35.8|0.012|5134.277
29.3|0.028|5078.524
34.7|0.012|5072.423
39.2|0.007|5072.848
40.0|0.007|5073.327
40.0|0.007|5073.573
40.3|0.020|5133.318
38.7|0.009|5137.772
34.3|0.013|5135.057
39.2|0.008|5135.627
36.7|0.012|5088.425
32.5|0.018|5103.317
36.8|0.010|5099.854
39.5|0.007|5072.482
40.0|0.007|5072.676
40.0|0.006|5072.922
36.2|0.024|5128.926
38.1|0.009|5110.898
33.8|0.015|5114.301
39.1|0.008|5119.600
39.9|0.007|5119.982
32.0|0.025|5099.297
34.4|0.013|5145.912
39.3|0.007|5146.714
40.0|0.007|5147.118
37.9|0.011|5112.558
36.4|0.011|5123.924
36.8|0.020|5117.534
38.7|0.008|5133.619
34.6|0.012|5067.370
39.4|0.008|5081.967
34.6|0.012|5155.438
37.0|0.008|5094.134
27.9|0.022|5104.320
36.3|0.012|5063.903
35.0|0.012|5064.326
39.5|0.007|5064.896
36.4|0.024|5123.806
37.7|0.009|5135.770
31.9|0.018|5103.963
37.9|0.009|5126.846
36.1|0.010|5138.427
39.6|0.013|5118.691
37.5|0.010|5118.885
39.8|0.007|5120.801
40.0|0.006|5198.534
35.4|0.013|5203.402
39.4|0.028|5225.614
38.0|0.014|5229.019
39.8|0.009|5229.425
39.9|0.008|5229.460
40.0|0.008|5229.632
30.9|0.017|5148.795
38.5|0.007|5093.176
39.9|0.006|5098.710
40.0|0.008|5106.925
40.1|0.006|5108.841
38.4|0.021|5170.290
38.5|0.010|5157.554
39.9|0.008|5159.628
40.0|0.008|5159.893
39.9|0.008|5160.831
40.0|0.008|5161.077
40.1|0.008|5162.669
37.6|0.011|5152.639
37.7|0.010|5158.021
39.8|0.009|5158.286
40.1|0.008|5160.339
40.2|0.019|5188.967
39.0|0.010|5189.002
40.0|0.008|5189.403
40.0|0.008|5181.848
40.1|0.008|5178.275
40.0|0.009|5178.311
40.1|0.008|5178.693
36.1|0.022|5197.656
38.3|0.009|5142.500
39.7|0.008|5148.521
40.0|0.008|5149.229
40.1|0.008|5150.820
40.1|0.009|5151.634
40.1|0.008|5152.005
40.1|0.008|5152.673
39.9|0.008|5153.843
40.0|0.008|5154.015
40.0|0.009|5154.261
38.2|0.023|5189.637
38.3|0.010|5180.967
39.8|0.008|5148.639
40.1|0.008|5148.700
40.0|0.008|5151.520
40.1|0.008|5151.784
40.0|0.009|5151.956
39.9|0.008|5152.221
35.4|0.013|5183.093
39.5|0.008|5183.357
39.8|0.017|5173.998
36.3|0.012|5139.338
33.6|0.015|5151.659
35.4|0.012|5131.739
39.2|0.017|5165.372
38.9|0.009|5165.637
40.0|0.008|5167.689
40.0|0.008|5167.954
32.8|0.015|5194.190
39.1|0.009|5194.455
39.9|0.008|5196.047
40.0|0.017|5150.313
38.9|0.020|5185.540
38.6|0.009|5116.393
39.9|0.008|5118.858
40.1|0.008|5119.104
40.0|0.008|5124.829
39.9|0.008|5125.571
40.2|0.018|5143.921
39.1|0.009|5181.203
38.4|0.010|5181.375
37.3|0.011|5128.480
34.6|0.014|5116.245
39.3|0.011|5117.205
39.9|0.008|5117.470
40.1|0.008|5119.652
40.1|0.008|5119.898
40.1|0.008|5126.471
40.1|0.008|5126.717
40.1|0.008|5128.309
40.1|0.008|5128.555
40.0|0.009|5128.727
40.0|0.008|5128.973
40.0|0.008|5131.260
40.1|0.008|5131.524
39.9|0.009|5131.696
40.1|0.008|5131.961
40.1|0.009|5133.553
40.1|0.008|5133.817
40.1|0.008|5138.752
40.0|0.008|5139.017
40.1|0.008|5140.608
40.1|0.008|5140.873
40.1|0.010|5141.970
35.1|0.014|5173.190
39.4|0.009|5175.887
40.0|0.009|5176.151
40.0|0.008|5176.323
40.0|0.008|5177.065
40.0|0.008|5178.161
39.9|0.008|5178.407
32.2|0.017|5169.072
39.0|0.009|5170.284
38.7|0.018|5175.810
37.1|0.024|5145.946
37.9|0.010|5118.506
39.7|0.008|5121.414
40.0|0.008|5121.586
39.9|0.009|5121.832
40.0|0.008|5122.004
33.4|0.015|5231.977
38.4|0.011|5232.490
34.5|0.016|5239.563
39.4|0.025|5209.035
38.6|0.011|5156.772
39.9|0.009|5157.195
39.9|0.009|5157.230
40.1|0.008|5157.613
40.2|0.008|5159.068
39.9|0.008|5159.881
40.1|0.008|5159.916
40.1|0.008|5160.299
40.0|0.008|5162.521
40.0|0.008|5162.903
40.1|0.008|5169.612
39.1|0.008|5170.510
40.0|0.008|5171.469
39.9|0.008|5171.870
40.1|0.008|5171.905
40.1|0.008|5172.803
26.1|0.024|5202.594
34.3|0.014|5203.329
39.4|0.010|5205.111
33.0|0.016|5235.839
38.8|0.014|5212.081
37.7|0.012|5212.798
39.7|0.017|5226.156
36.8|0.011|5225.952
39.4|0.011|5181.003
37.8|0.011|5150.839
35.0|0.025|5207.589
38.3|0.010|5192.389
31.0|0.029|5195.063
37.4|0.011|5150.307
33.3|0.017|5181.699
36.9|0.011|5184.394
39.9|0.008|5184.816
35.4|0.012|5196.599
39.6|0.009|5196.792
36.1|0.021|5210.273
38.5|0.009|5183.688
39.8|0.009|5183.848
33.2|0.017|5273.116
39.3|0.009|5233.513
35.0|0.024|5211.973
39.2|0.012|5212.480
40.0|0.010|5213.188
40.1|0.009|5214.643
40.2|0.026|5236.690
35.1|0.014|5185.261
39.4|0.010|5188.652
40.0|0.009|5188.688
40.1|0.009|5188.859
39.9|0.009|5188.895
35.9|0.040|5142.407
39.5|0.008|5142.442
39.8|0.005|5141.247
40.1|0.003|5141.282
40.0|0.003|5126.589
40.0|0.003|5126.624
40.1|0.003|5128.723
40.0|0.005|5128.758
40.0|0.005|5130.121
39.9|0.004|5130.156
40.1|0.004|5131.160
40.1|0.006|5133.280
40.1|0.003|5133.546
40.0|0.006|5134.065
40.0|0.006|5134.101
40.0|0.007|5136.081
40.1|0.005|5136.116
40.0|0.005|5137.362
39.9|0.005|5137.805
40.1|0.007|5120.442
39.9|0.005|5120.478
40.0|0.005|5120.997
40.0|0.007|5121.032
40.1|0.007|5102.057
40.0|0.007|5102.217
38.0|0.006|5103.463
39.7|0.005|5103.498
40.0|0.003|5104.803
40.0|0.003|5104.838
39.9|0.003|5106.326
40.1|0.003|5107.459
40.0|0.003|5108.822
40.0|0.003|5108.857
38.7|0.006|5110.104
39.7|0.003|5110.139
40.0|0.003|5112.881
39.9|0.004|5112.916
40.4|0.007|5113.436
40.2|0.005|5113.471
39.9|0.003|5116.705
40.1|0.003|5116.740
40.0|0.003|5119.326
38.9|0.007|5119.361
40.0|0.007|5120.725
39.9|0.006|5120.760
40.1|0.004|5121.764
39.9|0.003|5124.232
40.1|0.006|5124.498
40.1|0.003|5125.018
40.0|0.004|5125.053
40.1|0.007|5127.037
39.9|0.004|5127.178
40.0|0.004|5103.939
40.0|0.005|5105.072
40.0|0.005|5106.920
40.1|0.005|5106.955
40.0|0.004|5108.822
39.9|0.005|5108.857
40.1|0.003|5111.674
40.2|0.004|5111.834
40.0|0.003|5113.361
39.9|0.003|5113.396
40.0|0.003|5115.002
40.1|0.003|5115.037
39.8|0.003|5116.041
40.0|0.003|5117.174
40.0|0.003|5118.537
39.9|0.005|5118.572
40.0|0.004|5119.818
39.9|0.004|5119.854
39.9|0.002|5122.596
40.0|0.003|5122.631
40.1|0.014|5137.109
36.2|0.007|5107.527
39.6|0.003|5108.948
40.0|0.013|5111.574
33.6|0.022|5116.402
37.9|0.010|5114.452
40.0|0.018|5081.058
33.4|0.024|5259.490
51.0|0.020|6180.608
53.1|0.008|6182.841
56.3|0.006|5993.880
59.7|0.005|5866.223
60.0|0.004|5871.590
60.0|0.005|5886.649
60.1|0.004|5916.529
59.8|0.004|5916.583
59.8|0.004|5919.064
59.9|0.004|5919.100
60.2|0.004|5919.854
60.1|0.005|5919.889
60.1|0.004|5921.611
60.3|0.005|5921.646
60.1|0.005|5924.065
60.0|0.004|5924.101
59.9|0.004|5922.861
60.3|0.004|5922.896
60.3|0.004|5923.462
60.3|0.004|5922.306
59.7|0.004|5920.493
60.1|0.004|5919.135
60.0|0.004|5919.325
45.2|0.010|5849.607
59.4|0.005|5851.769
59.8|0.005|5860.666
60.7|0.006|5861.911
59.9|0.005|5863.700
57.9|0.005|5851.281
52.9|0.013|5823.302
59.6|0.006|5823.514
62.3|0.022|5843.566
53.9|0.007|5844.974
59.9|0.004|5845.978
60.2|0.003|5846.013
60.3|0.003|5848.141
60.2|0.003|5848.176
60.5|0.003|5848.938
60.1|0.003|5848.973
60.2|0.003|5850.094
60.1|0.003|5850.129
60.1|0.003|5851.133
60.3|0.004|5851.168
60.1|0.004|5841.905
60.0|0.003|5843.038
60.0|0.003|5844.526
60.1|0.007|5844.562
60.0|0.007|5845.925
59.8|0.003|5845.960
60.3|0.003|5847.448
59.9|0.003|5847.483
60.1|0.003|5849.089
60.0|0.004|5849.124
59.8|0.003|5850.128
60.2|0.003|5850.163
60.2|0.004|5853.175
59.9|0.003|5853.753
60.1|0.004|5854.999
59.9|0.003|5855.034
60.7|0.009|5856.640
54.9|0.008|5857.451
56.0|0.005|5857.486
47.7|0.016|5861.212
54.8|0.009|5864.979
55.5|0.017|5865.983
59.8|0.017|5866.019
60.2|0.016|5862.010
60.2|0.017|5848.838
59.9|0.004|5846.466
56.4|0.004|5846.501
46.3|0.011|5660.711
46.4|0.012|5662.505
57.9|0.006|5665.244
57.4|0.008|5665.865
58.6|0.029|5668.405
54.2|0.019|6287.836
51.3|0.009|6287.917
55.2|0.009|5970.909
59.2|0.008|6037.004
60.0|0.004|6045.185
60.3|0.005|5996.063
58.2|0.017|6059.059
49.9|0.008|5955.560
59.8|0.004|5956.788
59.9|0.004|5956.823
60.3|0.004|5957.370
60.0|0.003|5957.405
60.1|0.003|5959.315
60.5|0.006|5996.172
44.7|0.022|6009.323
57.8|0.004|6006.239
59.7|0.004|5950.695
60.1|0.003|5951.105
59.8|0.003|5951.277
60.0|0.003|5953.090
60.1|0.004|5953.367
59.7|0.003|5954.617
60.0|0.003|5954.789
59.9|0.003|5956.360
59.9|0.003|5955.884
60.0|0.005|5956.313
44.2|0.014|6009.711
59.4|0.015|6010.617
60.2|0.016|6011.992
49.6|0.011|6012.402
59.4|0.004|6012.574
31.8|0.022|5969.121
58.1|0.004|5969.300
60.2|0.004|5973.130
59.9|0.004|5973.165
60.1|0.004|5974.353
60.2|0.004|5974.388
60.2|0.004|5974.935
60.1|0.003|5974.970
59.7|0.003|5978.450
60.0|0.003|5978.485
60.0|0.004|5979.032
60.2|0.004|5979.086
60.2|0.004|5982.106
60.1|0.004|5982.160
60.0|0.004|5982.726
57.2|0.006|6020.650
60.1|0.004|5980.739
48.8|0.009|6033.348
59.6|0.004|6033.913
60.2|0.005|6033.948
59.9|0.005|6036.449
60.2|0.004|6036.484
60.2|0.004|6039.540
60.3|0.004|6039.575
60.1|0.004|6040.724
60.2|0.004|6040.759
60.3|0.004|6041.306
44.2|0.015|6007.127
55.8|0.007|6008.374
60.0|0.004|6008.409
60.1|0.004|6008.956
60.2|0.004|6008.991
59.8|0.004|6013.912
59.9|0.004|6014.322
59.9|0.005|6014.494
46.8|0.011|6004.994
59.3|0.005|6005.331
60.2|0.004|6005.741
60.0|0.005|6002.201
58.8|0.016|5977.061
58.8|0.006|5974.624
60.0|0.004|5976.711
59.8|0.005|5978.727
60.1|0.005|5979.633
60.1|0.004|5981.204
54.0|0.007|5981.614
59.7|0.003|5981.786
59.7|0.004|5983.834
44.0|0.010|5984.006
59.0|0.004|5984.435
60.0|0.004|5984.606
60.1|0.004|5988.130
60.2|0.004|5988.302
59.8|0.004|5988.730
60.2|0.004|5988.902
60.3|0.004|5991.030
59.9|0.004|5991.202
59.9|0.013|6036.951
55.6|0.015|6039.760
59.9|0.014|6040.790
60.4|0.015|6040.962
60.0|0.029|6042.093
49.6|0.010|6042.305
59.6|0.005|6045.329
60.0|0.004|6045.501
59.9|0.004|6045.911
60.2|0.004|6046.083
60.1|0.004|6048.525
60.2|0.004|6048.561
56.3|0.006|6054.118
56.9|0.005|6054.172
59.6|0.004|6057.888
59.9|0.004|6057.923
60.1|0.005|6028.792
60.3|0.005|6085.486
50.2|0.015|6061.572
59.7|0.014|6061.626
60.2|0.014|6062.173
60.0|0.014|6063.079
60.0|0.014|6064.650
60.3|0.014|6065.726
60.1|0.014|6067.741
60.0|0.014|6068.647
60.0|0.014|6068.925
60.1|0.014|6069.335
59.0|0.007|6069.547
50.5|0.011|6038.165
57.1|0.014|6038.502
60.2|0.015|6038.912
60.2|0.016|6039.084
42.4|0.035|6041.666
57.5|0.006|6017.047
59.8|0.004|6018.035
60.1|0.004|6018.207
59.7|0.005|6107.423
58.8|0.005|6067.411
58.2|0.004|6067.840
59.9|0.005|6068.012
60.0|0.004|6069.082
59.9|0.004|6069.254
60.1|0.004|6072.173
60.1|0.011|6059.429
56.0|0.005|6074.491
60.0|0.004|6074.663
60.1|0.004|6075.073
60.3|0.004|6075.245
60.1|0.005|6076.257
60.2|0.004|6076.429
60.2|0.004|6076.839
60.2|0.004|6077.011
60.0|0.004|6079.895
60.1|0.004|6080.066
37.9|0.016|5976.116
58.7|0.004|5976.328
59.8|0.004|5978.692
60.0|0.004|5978.864
60.1|0.004|6006.151
57.9|0.007|6065.465
51.1|0.016|6024.305
59.5|0.014|6025.557
57.3|0.015|6027.436
59.9|0.014|6028.518
59.9|0.014|6028.658
44.6|0.016|6029.205
59.3|0.004|6029.240
60.0|0.004|6031.319
60.1|0.022|5984.037
52.2|0.007|5976.390
57.2|0.015|6033.828
58.7|0.005|6038.523
60.1|0.004|6038.559
60.2|0.004|6039.105
60.0|0.004|6039.141
45.0|0.012|6044.212
54.0|0.007|6044.266
59.9|0.004|6044.834
59.9|0.012|6078.721
59.8|0.013|6079.908
60.0|0.013|6081.237
59.8|0.013|6084.221
60.1|0.013|6084.256
60.1|0.013|6085.404
60.2|0.013|6085.439
59.9|0.013|6085.986
60.0|0.012|6026.492
60.1|0.012|6027.721
60.0|0.013|6027.774
60.1|0.013|6028.321
60.0|0.013|6028.375
59.8|0.013|6033.296
60.4|0.012|6028.217
57.9|0.018|6071.054
59.0|0.013|6071.107
56.4|0.007|6069.493
60.0|0.005|6069.528
60.2|0.005|6066.651
60.2|0.004|6066.687
60.2|0.004|6005.059
60.2|0.005|6005.094
48.8|0.017|6055.386
59.5|0.013|6055.558
60.1|0.013|6057.863
60.0|0.013|6058.035
60.0|0.013|6058.445
60.2|0.013|6058.617
60.0|0.013|6060.667
54.4|0.010|6052.038
56.5|0.006|6052.467
60.0|0.004|6052.639
60.2|0.004|6056.218
58.8|0.006|6036.962
55.9|0.007|6033.488
57.1|0.005|6034.610
60.2|0.005|6036.064
60.0|0.006|6036.611
60.0|0.005|6036.646
60.1|0.004|6037.689
51.6|0.022|6078.993
58.0|0.005|6013.950
35.0|0.018|6092.024
49.2|0.009|6093.271
59.2|0.007|6065.015
60.2|0.004|6065.583
57.5|0.006|6065.618
60.0|0.010|6084.237
59.3|0.013|6092.832
60.0|0.013|6095.992
60.1|0.014|6096.765
59.2|0.014|6100.348
60.0|0.013|6100.383
60.3|0.028|5997.354
57.5|0.007|5997.390
59.7|0.005|5998.618
60.4|0.013|5998.653
60.1|0.014|5999.200
60.5|0.014|5999.235
60.3|0.014|5998.361
60.3|0.013|5998.396
59.7|0.014|6001.508
60.0|0.014|6001.543
60.4|0.015|6002.691
60.6|0.014|6002.727
60.3|0.014|6003.273
60.3|0.014|6003.309
60.2|0.013|6005.515
60.3|0.014|6005.550
60.3|0.014|6006.097
60.0|0.014|6007.616
60.0|0.014|6010.250
60.4|0.013|6010.660
60.7|0.014|6010.832
60.1|0.013|6011.738
57.1|0.014|6012.016
56.5|0.013|6012.426
60.1|0.013|6012.598
59.8|0.013|6013.746
60.2|0.014|6013.781
60.1|0.014|6016.200
59.7|0.013|6016.235
60.3|0.013|6017.384
60.6|0.013|6018.517
60.0|0.014|6026.748
60.3|0.013|6026.783
60.2|0.013|6034.674
60.5|0.013|6034.709
35.2|0.043|6397.816
54.0|0.009|6397.870
59.7|0.007|6416.318
60.1|0.013|6060.921
60.3|0.012|6071.121
60.1|0.012|6071.297
60.3|0.012|6100.429
59.9|0.012|6109.220
56.7|0.013|6110.407
59.8|0.012|6110.442
60.2|0.011|6110.989
48.8|0.016|6066.399
52.4|0.008|6068.123
59.8|0.005|6068.158
36.5|0.015|6048.389
58.8|0.008|6095.198
31.9|0.026|6024.168
57.4|0.005|6024.222
59.9|0.004|6026.084
60.2|0.004|6026.119
60.0|0.004|6027.326
43.9|0.017|6084.201
59.5|0.011|6084.748
60.1|0.011|6084.783
60.1|0.011|6088.440
60.3|0.011|6088.476
60.1|0.011|6103.897
41.3|0.014|6039.908
58.8|0.004|6041.155
59.9|0.017|6084.761
55.3|0.005|6123.090
50.8|0.007|6087.189
59.7|0.004|6087.508
40.2|0.014|6127.011
58.7|0.004|6121.658
60.0|0.004|6113.691
50.2|0.021|6088.480
58.6|0.011|6088.891
59.9|0.011|6089.063
59.9|0.011|6091.185
60.3|0.012|6091.356
60.1|0.012|6091.767
48.3|0.016|6099.094
59.6|0.010|6102.691
59.7|0.011|6102.863
45.9|0.006|6063.595
59.0|0.005|6063.788
60.3|0.005|6096.514
57.7|0.005|6108.776
54.9|0.004|6070.716
55.6|0.010|6091.942
59.8|0.014|6093.191
58.6|0.006|6093.385
59.5|0.004|6097.734
60.0|0.004|6097.770
59.7|0.005|6098.918
60.1|0.004|6098.953
43.1|0.012|6063.471
59.3|0.004|6063.524
59.9|0.004|6064.731
60.0|0.004|6064.767
59.9|0.005|6065.313
60.0|0.003|6065.349
60.2|0.004|6069.006
58.5|0.005|6100.668
57.2|0.005|6102.509
45.1|0.012|6059.133
59.2|0.004|6060.005
60.1|0.004|6061.373
60.1|0.005|6061.545
60.3|0.004|6062.451
38.0|0.019|6113.646
58.7|0.010|6114.722
60.1|0.010|6116.737
39.4|0.015|6117.644
58.8|0.010|6117.921
60.2|0.010|6118.331
45.8|0.018|6124.472
48.6|0.014|6126.669
59.4|0.010|6126.841
60.2|0.010|6118.949
60.2|0.010|6043.495
57.5|0.008|6097.364
55.1|0.007|6035.868
52.7|0.011|6036.297
60.5|0.011|6036.469
60.0|0.013|6074.149
53.1|0.012|6086.820
59.6|0.010|6085.367
60.1|0.010|6081.682
60.1|0.010|6080.383
56.1|0.014|6062.794
42.8|0.014|6025.311
58.9|0.005|6025.504
60.1|0.005|6026.574
60.2|0.005|6026.746
54.1|0.004|6075.369
45.2|0.006|6034.782
43.6|0.005|6083.875
59.0|0.005|6084.047
50.5|0.008|6055.001
50.1|0.012|6031.703
53.6|0.006|6082.494
52.2|0.007|6042.781
54.5|0.007|6092.409
59.7|0.005|6092.581
46.2|0.010|6058.835
57.1|0.004|6031.272
50.6|0.012|6084.116
59.7|0.011|6084.682
59.9|0.011|6085.377
51.0|0.008|6052.051
59.7|0.005|6055.242
60.0|0.005|6056.324
60.2|0.004|6056.484
60.0|0.004|6057.031
48.4|0.012|6066.641
56.5|0.011|6069.979
59.8|0.010|6070.158
48.5|0.012|6086.109
36.5|0.020|6060.612
58.6|0.004|6064.368
59.8|0.004|6064.403
54.0|0.008|6113.250
50.5|0.007|6105.668
59.6|0.005|6104.668
60.2|0.005|6104.703
60.1|0.005|6105.250
60.2|0.004|6105.285
51.2|0.021|6099.384
53.1|0.006|6032.421
59.8|0.004|6036.022
46.0|0.013|6111.341
49.8|0.021|6086.440
58.0|0.005|6086.476
57.6|0.005|6087.022
60.1|0.008|6103.575
59.9|0.009|6042.767
52.9|0.008|6043.834
59.4|0.004|6044.381
48.1|0.012|6037.988
51.8|0.012|6041.670
59.6|0.010|6041.705
60.2|0.010|6042.252
54.7|0.006|6115.707
39.8|0.017|6090.959
58.9|0.005|6091.013
60.1|0.004|6091.560
60.1|0.004|6092.889
47.5|0.013|6094.037
59.2|0.009|6094.072
60.2|0.009|6097.269
45.6|0.014|6097.304
59.5|0.009|6098.452
59.9|0.009|6098.487
60.2|0.009|6099.034
42.0|0.017|6067.319
59.2|0.011|6069.675
60.2|0.010|6069.710
60.3|0.010|6071.551
59.5|0.014|6048.608
47.8|0.014|6103.966
59.5|0.009|6104.395
54.2|0.005|6062.719
59.7|0.010|6078.411
55.1|0.010|6078.908
57.0|0.007|6079.318
59.8|0.004|6094.244
52.3|0.012|6044.789
59.8|0.009|6045.126
60.1|0.009|6046.201
60.1|0.009|6045.343
60.2|0.009|6046.249
60.0|0.009|6046.526
60.0|0.009|6046.937
60.0|0.009|6047.108
59.9|0.010|6048.015
60.1|0.009|6048.292
60.1|0.008|6048.721
51.0|0.013|6049.520
59.5|0.010|6053.484
59.7|0.010|6107.448
57.9|0.009|5498.420
56.1|0.010|5497.826
56.9|0.007|5500.032
59.7|0.005|5500.204
40.8|0.017|5484.877
59.2|0.011|5485.089
42.6|0.013|5488.802
59.2|0.005|5489.014
60.1|0.005|5532.179
59.9|0.004|5532.372
60.2|0.004|5490.236
60.3|0.008|5506.419
60.0|0.008|5512.501
60.1|0.010|5514.060
60.4|0.011|5516.109
60.8|0.011|5516.281
60.0|0.013|5516.691
51.8|0.013|5477.816
58.1|0.011|5431.892
58.7|0.011|5432.063
60.8|0.013|5439.798
60.6|0.013|5447.853
56.5|0.013|5449.161
40.0|0.020|5970.855
48.0|0.018|6004.080
59.1|0.009|5942.113
58.8|0.010|5606.000
59.8|0.008|5694.346
60.0|0.009|5698.334
59.9|0.009|5669.775
60.1|0.009|5676.621
60.3|0.009|5677.703
60.1|0.009|5677.863
60.3|0.009|5678.566
60.0|0.008|5678.602
60.2|0.008|5679.785
51.3|0.024|5628.479
50.6|0.012|5631.642
59.7|0.008|5631.677
60.1|0.009|5632.884
60.1|0.008|5632.919
60.2|0.008|5633.466
60.2|0.008|5633.501
59.8|0.008|5634.649
59.8|0.008|5634.685
59.8|0.008|5635.231
59.9|0.008|5635.267
58.6|0.006|5638.158
60.0|0.008|5672.258
60.9|0.018|5622.308
55.6|0.006|5623.123
59.7|0.005|5624.370
59.8|0.004|5624.405
60.1|0.011|5669.173
52.7|0.010|5670.098
59.8|0.007|5667.872
60.2|0.008|5665.760
59.8|0.007|5662.261
59.9|0.007|5660.639
52.6|0.010|5641.959
52.5|0.011|5685.611
59.8|0.009|5685.783
60.1|0.008|5687.728
60.2|0.008|5688.005
60.2|0.008|5685.334
60.2|0.009|5685.506
60.2|0.008|5683.431
59.9|0.008|5680.038
50.9|0.012|5652.691
59.9|0.008|5633.114
59.9|0.008|5634.203
60.2|0.008|5636.163
41.9|0.027|5686.768
57.9|0.008|5686.958
60.0|0.007|5687.970
60.1|0.007|5688.142
58.7|0.006|5685.537
60.2|0.004|5685.709
60.1|0.005|5683.793
60.1|0.005|5683.965
59.9|0.005|5679.264
60.3|0.005|5679.436
54.8|0.019|5669.724
51.7|0.008|5690.535
59.7|0.005|5691.362
60.0|0.005|5691.397
60.2|0.005|5690.850
60.2|0.004|5690.885
60.0|0.005|5691.432
60.2|0.005|5691.467
60.0|0.005|5690.038
54.3|0.008|5669.168
57.1|0.008|5669.715
60.1|0.007|5669.769
59.7|0.008|5670.917
60.2|0.007|5673.379
50.6|0.008|5656.478
50.1|0.009|5657.441
54.1|0.009|5705.052
58.5|0.006|5694.906
60.1|0.005|5699.232
60.0|0.004|5701.286
60.0|0.004|5701.583
43.9|0.013|5720.369
59.2|0.008|5720.541
59.7|0.007|5715.285
60.2|0.006|5657.152
60.0|0.008|5658.206
60.3|0.007|5658.396
60.0|0.007|5659.408
60.3|0.007|5659.599
60.1|0.007|5660.009
60.2|0.007|5660.199
60.2|0.007|5661.211
60.2|0.007|5661.401
59.8|0.008|5663.684
59.9|0.006|5663.874
60.0|0.009|5682.767
53.3|0.010|5684.086
59.7|0.008|5684.496
59.7|0.007|5684.668
60.0|0.007|5686.676
60.2|0.007|5686.848
39.9|0.016|5666.691
59.1|0.007|5666.903
60.1|0.008|5670.482
60.2|0.008|5670.654
60.0|0.007|5671.064
59.9|0.007|5671.236
60.0|0.007|5672.248
60.0|0.007|5674.641
59.9|0.006|5675.051
60.0|0.006|5675.223
60.1|0.006|5676.253
60.0|0.007|5676.425
59.9|0.006|5678.726
47.2|0.024|5649.820
57.8|0.006|5650.476
60.1|0.005|5651.044
60.1|0.005|5651.079
43.3|0.012|5700.525
57.6|0.010|5685.102
57.2|0.007|5678.865
59.7|0.006|5678.919
60.1|0.006|5667.945
59.8|0.006|5667.980
60.5|0.006|5668.549
55.5|0.011|5667.441
53.9|0.008|5668.590
59.9|0.006|5668.625
60.3|0.006|5669.172
60.2|0.006|5669.207
60.2|0.007|5668.629
48.7|0.011|5684.128
59.5|0.007|5687.224
60.1|0.006|5687.259
46.3|0.006|5656.406
52.6|0.009|5683.970
53.6|0.008|5684.717
59.6|0.006|5684.752
60.1|0.007|5685.959
60.2|0.007|5685.994
60.3|0.007|5686.541
55.1|0.021|5666.943
58.2|0.005|5670.467
59.8|0.004|5671.976
60.1|0.005|5672.386
49.3|0.025|5668.562
58.1|0.007|5668.740
57.2|0.010|5704.033
51.6|0.010|5726.460
59.9|0.006|5727.707
57.5|0.008|5711.063
60.0|0.006|5714.141
59.7|0.006|5714.176
60.3|0.006|5733.317
60.0|0.006|5740.684
60.9|0.008|5738.961
60.4|0.010|5738.996
60.3|0.010|5738.552
60.0|0.010|5738.587
51.3|0.012|5664.483
59.7|0.010|5664.519
45.0|0.013|5692.544
59.3|0.011|5692.579
60.2|0.010|5693.126
59.8|0.018|5699.903
58.9|0.007|5701.403
53.7|0.051|6062.179
58.6|0.007|6062.232
59.8|0.006|6080.858
59.8|0.010|5767.445
60.0|0.006|5764.762
60.2|0.006|5767.073
59.8|0.007|5795.256
59.8|0.006|5802.021
60.1|0.006|5803.209
60.1|0.006|5803.244
60.2|0.006|5803.791
60.3|0.006|5803.826
58.9|0.007|5715.373
60.1|0.005|5715.408
60.3|0.011|5757.162
60.1|0.007|5757.216
60.2|0.016|5758.444
58.8|0.006|5758.479
60.1|0.007|5759.026
60.0|0.006|5759.062
60.1|0.006|5760.210
60.2|0.006|5760.245
50.5|0.021|5750.644
51.8|0.009|5791.429
59.8|0.005|5797.260
60.0|0.005|5797.670
60.0|0.006|5797.842
60.2|0.006|5798.252
59.8|0.005|5799.025
57.8|0.013|5804.675
55.5|0.007|5804.887
59.8|0.006|5811.329
60.1|0.006|5770.546
58.0|0.018|5762.498
58.9|0.006|5762.710
60.0|0.006|5765.117
60.1|0.006|5765.289
60.7|0.007|5765.699
60.3|0.006|5765.871
59.9|0.006|5767.921
60.3|0.005|5768.093
60.1|0.006|5768.503
60.1|0.006|5768.675
50.6|0.010|5758.254
45.8|0.012|5758.308
59.5|0.006|5758.854
60.2|0.005|5758.890
52.6|0.009|5769.384
56.3|0.006|5769.438
59.9|0.005|5771.017
60.2|0.007|5721.270
59.9|0.012|5737.746
48.8|0.009|5737.800
59.5|0.006|5740.781
59.9|0.005|5740.816
59.9|0.006|5742.023
60.1|0.005|5742.059
60.1|0.006|5742.605
59.8|0.006|5742.641
60.1|0.006|5745.126
60.9|0.008|5745.161
58.7|0.011|5782.151
54.2|0.008|5724.522
59.8|0.006|5726.170
60.0|0.005|5726.205
60.1|0.006|5726.752
60.0|0.006|5726.787
42.9|0.015|5795.402
59.4|0.006|5795.438
44.6|0.011|5795.984
59.4|0.006|5791.930
60.2|0.005|5787.701
52.9|0.010|5749.732
46.2|0.014|5759.633
56.5|0.007|5760.597
59.8|0.005|5760.915
59.9|0.007|5761.325
60.1|0.005|5761.497
60.2|0.006|5763.512
59.9|0.006|5763.789
60.3|0.006|5764.199
60.1|0.006|5764.371
60.3|0.006|5767.279
60.2|0.006|5769.328
60.1|0.006|5769.757
60.3|0.006|5769.929
60.0|0.006|5771.861
59.8|0.005|5772.033
60.3|0.006|5772.462
60.2|0.006|5772.634
59.7|0.006|5773.664
60.2|0.006|5773.836
60.3|0.005|5776.137
60.3|0.006|5776.441
60.1|0.005|5778.569
60.0|0.005|5778.741
60.1|0.007|5741.251
44.9|0.012|5726.215
59.6|0.006|5729.319
60.2|0.005|5729.513
60.5|0.006|5729.923
60.2|0.005|5730.095
59.8|0.005|5733.671
60.0|0.005|5733.843
35.3|0.032|5774.336
57.3|0.006|5733.778
60.1|0.006|5736.748
54.3|0.005|5777.492
59.6|0.015|5759.303
58.1|0.006|5794.744
58.5|0.006|5802.814
42.7|0.012|5722.825
57.1|0.008|5735.018
44.7|0.012|5746.522
59.3|0.005|5747.218
60.5|0.006|5747.765
60.2|0.005|5747.800
60.1|0.005|5749.953
60.3|0.005|5751.388
59.6|0.005|5751.935
42.0|0.017|5721.965
59.4|0.006|5723.752
60.4|0.005|5725.682
60.3|0.005|5726.229
60.0|0.005|5726.264
60.2|0.005|5727.307
60.4|0.004|5727.447
60.2|0.006|5727.994
60.3|0.005|5728.029
60.4|0.005|5730.484
60.0|0.005|5730.538
60.3|0.005|5733.418
60.0|0.006|5733.472
59.5|0.005|5734.620
60.4|0.005|5734.655
59.9|0.005|5735.221
57.5|0.011|5714.753
54.9|0.007|5751.288
60.1|0.004|5751.479
60.1|0.005|5714.829
55.1|0.007|5715.022
43.9|0.011|5756.383
55.2|0.008|5718.537
57.9|0.017|5760.026
55.9|0.007|5708.580
32.7|0.021|5752.413
58.6|0.005|5752.604
60.3|0.006|5754.046
60.1|0.005|5754.218
59.6|0.006|5755.229
60.2|0.006|5755.401
60.3|0.005|5758.320
53.8|0.008|5739.847
60.1|0.005|5742.272
60.2|0.006|5742.819
60.1|0.005|5742.854
60.3|0.005|5745.006
60.3|0.004|5745.146
60.0|0.006|5745.693
58.7|0.010|5788.238
55.5|0.017|5751.992
59.8|0.017|5752.046
48.2|0.009|5784.286
59.5|0.005|5784.321
59.9|0.005|5782.476
56.8|0.006|5755.951
59.7|0.005|5756.498
53.0|0.021|5779.659
58.3|0.006|5780.906
60.0|0.005|5780.941
60.3|0.005|5783.997
57.7|0.009|5753.294
56.7|0.006|5754.541
60.3|0.005|5754.576
60.2|0.005|5755.123
30.7|0.023|5822.936
58.1|0.006|5729.185
60.0|0.004|5729.220
51.0|0.007|5811.250
57.9|0.016|5777.781
58.5|0.006|5781.463
59.8|0.005|5781.498
57.8|0.005|5782.045
60.1|0.004|5782.080
60.0|0.005|5783.229
59.6|0.005|5783.264
51.8|0.020|5750.278
58.6|0.006|5751.242
60.2|0.004|5752.897
60.1|0.005|5753.973
60.4|0.005|5755.988
59.9|0.005|5756.895
59.4|0.005|5757.193
60.3|0.004|5757.604
60.0|0.004|5757.775
60.0|0.004|5759.720
60.0|0.005|5759.997
60.4|0.005|5760.426
60.0|0.004|5760.598
59.4|0.005|5764.598
59.9|0.005|5764.770
40.0|0.015|5733.502
59.2|0.005|5733.714
60.1|0.005|5735.315
60.3|0.019|5775.727
58.5|0.005|5776.273
49.4|0.005|5815.468
57.5|0.011|5747.416
59.4|0.015|5747.630
58.8|0.006|5747.762
60.0|0.004|5747.797
55.5|0.008|5800.949
56.8|0.008|5800.984
60.2|0.006|5801.531
60.3|0.005|5801.566
60.0|0.005|5802.715
48.7|0.023|5797.125
58.3|0.005|5793.053
56.6|0.019|5780.521
51.3|0.022|5815.466
56.6|0.016|5816.055
58.5|0.005|5813.855
59.8|0.004|5810.239
60.1|0.005|5810.411
60.1|0.004|5810.821
60.3|0.004|5806.845
60.3|0.005|5750.660
56.0|0.007|5800.023
52.0|0.007|5802.868
59.6|0.005|5803.040
50.0|0.023|5815.185
58.4|0.005|5815.396
60.0|0.005|5815.807
50.3|0.008|5774.233
56.8|0.008|5796.861
49.3|0.008|5797.073
59.8|0.007|5797.483
59.9|0.005|5797.655
49.8|0.024|5772.407
58.2|0.005|5772.619
60.1|0.004|5773.029
60.4|0.004|5773.201
57.5|0.018|5757.172
52.7|0.007|5790.765
59.9|0.004|5790.958
53.6|0.006|5828.021
59.8|0.005|5825.426
46.6|0.005|5788.836
55.0|0.019|5811.041
58.4|0.017|5812.130
59.9|0.017|5812.302
60.2|0.017|5812.712
59.4|0.005|5812.884
56.9|0.006|5780.821
59.9|0.005|5781.033
55.8|0.006|5781.443
60.0|0.005|5781.615
60.3|0.005|5786.473
60.1|0.005|5786.645
60.4|0.005|5787.055
59.3|0.005|5787.227
60.2|0.005|5788.238
60.0|0.004|5788.410
37.5|0.022|5816.780
58.8|0.016|5816.992
58.1|0.017|5793.863
53.2|0.008|5794.075
59.6|0.004|5865.913
60.2|0.004|5866.085
59.9|0.004|5853.776
60.2|0.005|5801.608
59.9|0.007|5805.019
59.5|0.004|5810.039
60.3|0.004|5812.750
60.0|0.003|5812.922
59.8|0.004|5813.332
59.9|0.014|5772.108
56.3|0.008|5774.038
58.7|0.010|5774.606
60.7|0.011|5774.642
60.3|0.016|5783.049
60.4|0.016|5734.008
60.2|0.016|5734.576
57.6|0.010|5735.512
38.8|0.025|5713.993
53.7|0.011|6119.252
59.9|0.005|6121.492
58.7|0.007|5816.613
59.7|0.004|5893.420
60.1|0.004|5899.019
60.0|0.016|5883.608
58.9|0.005|5883.662
40.9|0.013|5929.503
59.0|0.005|5929.663
54.1|0.011|5847.489
51.4|0.009|5847.703
59.6|0.004|5848.785
60.1|0.004|5848.945
60.1|0.004|5850.157
59.9|0.004|5852.036
34.2|0.019|5822.180
58.9|0.016|5822.358
60.1|0.015|5822.905
60.3|0.015|5822.940
59.8|0.018|5871.340
48.3|0.010|5821.337
59.6|0.005|5821.924
45.8|0.004|5867.444
58.0|0.005|5845.678
56.1|0.006|5890.203
59.7|0.005|5890.750
60.2|0.005|5890.785
59.8|0.005|5891.934
60.2|0.004|5891.969
60.1|0.004|5892.516
56.5|0.019|5854.485
58.7|0.005|5857.069
59.6|0.004|5857.104
58.8|0.005|5860.160
60.0|0.004|5860.195
51.0|0.011|5871.572
54.5|0.006|5872.103
59.7|0.005|5872.671
60.2|0.004|5872.706
52.4|0.007|5859.468
55.4|0.006|5864.311
48.2|0.009|5864.897
59.7|0.004|5864.933
60.2|0.014|5869.985
60.0|0.015|5870.021
60.2|0.015|5870.567
57.1|0.016|5841.222
56.3|0.006|5841.559
60.1|0.005|5841.969
59.8|0.004|5842.141
60.2|0.004|5843.047
60.2|0.004|5843.324
53.9|0.019|5850.937
58.7|0.005|5852.918
59.9|0.004|5855.200
60.2|0.004|5855.497
60.2|0.004|5855.907
60.0|0.004|5856.079
60.3|0.004|5857.091
48.7|0.004|5866.378
44.7|0.010|5847.956
59.2|0.004|5848.168
60.0|0.004|5851.747
60.2|0.004|5851.919
60.3|0.004|5852.329
38.5|0.021|5901.554
58.7|0.005|5893.659
59.9|0.004|5893.831
60.2|0.004|5894.241
50.8|0.008|5836.845
59.7|0.005|5837.934
39.4|0.013|5833.102
57.8|0.010|5818.784
54.4|0.016|5819.156
58.7|0.004|5820.227
60.1|0.003|5820.398
60.1|0.006|5820.809
60.2|0.004|5820.980
59.9|0.004|5824.438
60.4|0.024|5793.315
58.6|0.005|5793.744
60.0|0.004|5793.938
59.8|0.005|5797.517
60.2|0.004|5797.688
60.2|0.005|5798.099
56.0|0.018|5811.108
58.7|0.005|5811.445
60.1|0.004|5811.855
60.1|0.006|5812.027
60.0|0.014|5812.934
60.0|0.014|5814.548
60.1|0.014|5815.623
60.2|0.014|5817.639
59.8|0.014|5818.650
60.1|0.014|5818.822
60.2|0.014|5819.251
59.9|0.014|5819.423
60.1|0.014|5820.453
59.8|0.014|5820.625
60.2|0.014|5821.035
60.2|0.014|5821.226
59.9|0.014|5825.207
60.2|0.014|5825.397
59.8|0.014|5825.826
60.3|0.013|5825.998
60.2|0.013|5827.028
59.8|0.014|5827.200
59.9|0.014|5827.629
60.0|0.014|5827.801
60.2|0.014|5828.831
60.1|0.014|5829.003
60.1|0.014|5831.304
59.9|0.014|5831.476
59.9|0.014|5833.585
60.1|0.014|5833.757
59.0|0.006|5834.167
60.2|0.004|5834.339
60.0|0.004|5836.389
60.2|0.004|5836.561
44.4|0.004|5795.895
59.3|0.005|5796.088
59.9|0.005|5844.197
58.5|0.005|5844.744
60.0|0.005|5815.348
53.5|0.008|5866.504
27.2|0.036|5901.567
56.1|0.005|5867.626
60.0|0.004|5867.661
60.1|0.004|5868.619
60.1|0.004|5868.646
60.2|0.013|5845.849
40.5|0.021|5846.004
56.9|0.014|5847.152
59.9|0.013|5847.188
59.8|0.013|5847.734
60.2|0.013|5847.770
60.1|0.013|5850.255
51.3|0.008|5849.111
59.9|0.004|5849.698
60.0|0.004|5849.733
44.7|0.010|5838.206
52.5|0.019|5836.582
58.2|0.005|5837.011
59.8|0.004|5837.183
60.2|0.006|5838.253
59.9|0.004|5838.425
59.8|0.004|5838.835
52.1|0.021|5839.007
43.7|0.029|5798.426
58.1|0.005|5798.638
60.3|0.006|5802.206
59.8|0.004|5802.378
60.3|0.004|5803.448
59.8|0.004|5803.995
59.8|0.004|5804.030
60.2|0.004|5806.109
59.9|0.004|5806.250
60.2|0.004|5806.797
60.1|0.005|5806.851
60.0|0.005|5790.507
60.2|0.004|5793.262
60.2|0.004|5793.809
27.1|0.027|5880.358
53.1|0.015|5878.760
59.8|0.013|5878.795
60.2|0.013|5879.342
60.0|0.013|5879.377
64.6|0.010|5815.430
60.3|0.005|5815.465
57.7|0.011|5868.255
54.1|0.014|5836.914
59.8|0.013|5838.161
60.2|0.012|5839.490
60.0|0.005|5840.037
60.4|0.004|5840.072
60.2|0.005|5841.221
59.9|0.004|5841.256
60.1|0.004|5841.803
59.8|0.004|5841.838
60.0|0.004|5845.495
60.1|0.005|5845.549
60.1|0.004|5846.096
50.1|0.009|5809.064
59.7|0.006|5811.618
60.2|0.005|5811.653
60.3|0.004|5812.200
60.3|0.005|5812.235
59.9|0.005|5813.384
59.9|0.005|5813.419
60.2|0.004|5816.475
39.0|0.015|5898.666
58.7|0.005|5797.993
60.1|0.004|5798.028
60.0|0.004|5798.575
51.7|0.009|5819.552
55.2|0.005|5823.826
60.1|0.005|5815.589
60.2|0.004|5816.157
60.1|0.004|5816.192
60.5|0.009|5836.397
59.9|0.012|5841.988
60.0|0.013|5845.973
60.4|0.013|5847.776
59.9|0.012|5848.925
60.2|0.013|5849.335
40.6|0.018|5813.682
59.0|0.013|5814.627
57.9|0.014|5817.065
60.2|0.013|5818.141
60.3|0.014|5818.821
60.3|0.013|5819.436
60.4|0.014|5819.732
60.2|0.013|5820.143
60.0|0.013|5819.914
60.7|0.014|5820.820
41.4|0.012|5790.056
51.9|0.008|5790.466
59.8|0.006|5790.638
60.1|0.004|5794.086
56.0|0.012|5795.501
58.4|0.007|5802.653
60.2|0.004|5802.825
45.0|0.033|6235.835
59.1|0.006|6235.889
60.2|0.006|6206.655
59.8|0.012|5932.974
60.0|0.012|5907.217
60.1|0.012|5909.444
60.3|0.012|5942.995
60.2|0.013|5943.030
60.1|0.012|5946.172
59.9|0.012|5946.207
59.9|0.011|5946.754
60.1|0.012|5946.789
58.0|0.007|5947.938
60.3|0.005|5947.973
60.3|0.004|5950.392
60.1|0.004|5950.427
60.2|0.005|5951.594
59.8|0.004|5951.629
60.2|0.004|5952.194
59.6|0.004|5952.229
60.0|0.004|5954.494
60.2|0.005|5954.529
59.8|0.004|5955.095
60.1|0.004|5955.130
60.0|0.004|5958.169
60.2|0.004|5958.204
59.9|0.004|5958.770
60.2|0.004|5959.676
60.1|0.004|5959.972
59.7|0.004|5960.382
60.3|0.005|5960.572
60.1|0.004|5961.479
60.2|0.006|5962.894
60.0|0.004|5963.917
59.8|0.005|5965.348
60.2|0.004|5963.543
60.0|0.004|5961.988
59.9|0.004|5962.398
60.0|0.005|5962.570
60.3|0.004|5959.382
59.7|0.005|5959.554
59.9|0.005|5875.272
60.4|0.005|5893.003
28.7|0.024|5872.959
57.4|0.005|5844.465
60.0|0.004|5845.469
60.2|0.004|5845.641
60.1|0.004|5846.711
50.2|0.009|5898.408
54.9|0.006|5898.818
59.8|0.005|5898.990
60.0|0.004|5900.002
53.6|0.012|5884.942
59.6|0.010|5888.038
60.0|0.010|5888.073
60.1|0.011|5890.574
56.5|0.007|5927.179
49.0|0.021|5859.197
58.2|0.011|5859.251
60.0|0.011|5860.458
58.7|0.006|5860.493
59.7|0.004|5861.040
59.9|0.005|5861.075
60.2|0.004|5864.732
60.1|0.004|5864.768
60.2|0.004|5865.314
51.3|0.011|5915.913
29.8|0.025|5918.355
57.9|0.005|5857.541
59.9|0.004|5857.734
60.1|0.004|5858.680
60.1|0.004|5858.977
60.1|0.004|5860.052
60.2|0.004|5862.857
53.1|0.012|5931.719
59.8|0.010|5931.996
60.0|0.010|5932.406
60.0|0.010|5932.578
59.9|0.010|5934.626
59.9|0.010|5936.062
59.9|0.010|5936.472
60.0|0.010|5936.644
58.0|0.010|5930.446
43.4|0.016|5900.644
59.2|0.010|5901.072
58.7|0.006|5901.244
60.2|0.004|5902.314
59.8|0.004|5902.486
59.8|0.005|5902.896
59.9|0.004|5903.068
40.0|0.016|5903.237
50.9|0.013|5904.703
59.7|0.010|5907.622
60.1|0.010|5907.794
60.2|0.010|5909.067
60.2|0.010|5909.239
60.1|0.010|5909.649
60.0|0.010|5909.821
56.8|0.007|5859.406
56.8|0.006|5859.618
48.4|0.008|5860.028
57.9|0.008|5863.247
46.9|0.014|5839.396
54.6|0.011|5839.608
60.0|0.010|5840.019
60.0|0.010|5841.101
60.1|0.014|5877.021
48.6|0.011|5810.986
59.3|0.004|5811.040
60.0|0.004|5794.144
60.2|0.004|5794.304
57.9|0.011|5864.643
52.1|0.008|5866.447
59.9|0.004|5867.490
60.0|0.005|5868.925
60.0|0.005|5869.472
60.2|0.004|5869.507
60.2|0.004|5871.588
59.9|0.004|5871.729
60.6|0.006|5797.013
58.1|0.010|5817.818
45.3|0.015|5819.605
57.9|0.005|5821.609
60.1|0.004|5822.156
60.2|0.004|5822.191
60.2|0.003|5823.340
60.1|0.003|5825.278
60.1|0.004|5825.825
52.8|0.009|5875.407
56.3|0.011|5876.556
59.8|0.009|5876.591
60.1|0.009|5865.451
60.0|0.010|5865.486
60.2|0.010|5864.502
51.2|0.013|5864.711
47.5|0.012|5865.276
59.7|0.004|5865.312
60.2|0.004|5866.886
60.2|0.004|5868.215
60.0|0.004|5868.762
60.0|0.004|5868.797
59.7|0.004|5857.705
53.3|0.020|5857.740
58.3|0.005|5858.287
59.8|0.004|5853.458
59.0|0.015|5830.983
59.0|0.010|5833.695
54.4|0.011|5801.570
59.8|0.010|5801.605
59.5|0.009|5802.834
60.1|0.008|5804.321
60.0|0.009|5804.002
60.1|0.008|5804.174
59.9|0.008|5805.186
60.1|0.009|5805.357
60.2|0.008|5805.768
59.9|0.021|5845.620
56.8|0.005|5858.697
57.1|0.005|5859.244
59.9|0.004|5859.279
60.2|0.004|5860.936
59.8|0.004|5863.433
47.9|0.009|5821.298
59.6|0.004|5821.333
59.8|0.005|5822.415
58.3|0.005|5862.103
53.0|0.006|5862.668
59.9|0.005|5863.643
60.2|0.005|5864.791
53.5|0.007|5838.164
59.9|0.005|5841.260
59.9|0.005|5841.295
60.1|0.005|5842.502
60.2|0.005|5844.976
59.8|0.004|5845.522
59.9|0.004|5845.558
58.4|0.009|5835.137
56.9|0.006|5835.190
59.7|0.004|5835.737
60.2|0.005|5835.772
60.2|0.004|5839.430
59.8|0.005|5836.159
53.6|0.006|5808.373
59.9|0.006|5808.408
56.6|0.010|5901.887
53.2|0.008|5893.022
59.5|0.004|5883.536
59.9|0.004|5883.571
60.3|0.005|5884.778
60.2|0.009|5902.565
60.2|0.009|5814.695
60.5|0.010|5815.394
60.4|0.012|5816.601
60.2|0.011|5816.636
60.6|0.012|5817.183
53.4|0.014|5812.534
59.9|0.012|5816.167
56.1|0.012|5825.282
59.9|0.010|5833.403
56.2|0.011|5833.438
60.8|0.012|5812.271
39.6|0.018|6205.002
59.0|0.009|6207.523
57.1|0.011|5899.953
58.5|0.006|5964.322
60.6|0.007|5968.861
60.0|0.009|5994.221
60.2|0.009|5941.572
60.0|0.009|5942.901
59.9|0.007|5944.108
55.3|0.012|5995.155
44.2|0.013|5995.702
59.1|0.005|5996.608
60.1|0.004|5996.886
59.1|0.021|5940.528
58.4|0.004|5936.198
38.0|0.014|5933.117
58.7|0.005|5955.569
59.7|0.009|5951.187
55.8|0.009|5951.240
60.1|0.008|5953.741
60.3|0.008|5953.776
59.9|0.007|5954.323
60.2|0.008|5954.358
60.2|0.007|5958.016
59.7|0.008|5958.051
60.3|0.008|5958.598
60.2|0.008|5958.633
59.9|0.008|5959.800
60.0|0.008|5959.835
60.1|0.008|5960.382
59.9|0.008|5960.436
60.4|0.008|5962.682
60.3|0.008|5962.735
60.0|0.007|5965.173
60.1|0.008|5965.208
60.1|0.008|5962.879
59.3|0.007|5962.914
60.1|0.007|5957.399
60.1|0.008|5957.435
59.8|0.008|5953.428
60.2|0.008|5953.463
60.2|0.008|5950.132
60.1|0.008|5895.646
60.0|0.007|5890.922
59.9|0.008|5890.957
60.1|0.009|5891.504
59.9|0.008|5891.539
60.1|0.007|5892.688
60.3|0.008|5892.723
60.2|0.008|5893.270
60.2|0.007|5893.305
59.8|0.008|5929.081
55.0|0.006|5943.554
60.0|0.005|5944.984
60.3|0.004|5946.988
60.2|0.005|5947.266
60.2|0.004|5947.676
54.0|0.010|5909.789
59.9|0.009|5910.734
60.1|0.008|5911.031
59.9|0.008|5911.441
49.0|0.012|5951.320
59.4|0.008|5953.850
60.2|0.008|5955.896
60.6|0.010|5941.029
59.8|0.020|5941.241
58.6|0.008|5943.605
60.1|0.007|5943.777
39.6|0.017|5970.325
58.8|0.007|5970.537
54.7|0.009|5910.930
59.7|0.007|5911.142
60.2|0.008|5914.061
44.1|0.017|5955.021
37.3|0.017|5947.645
46.0|0.012|5893.365
42.2|0.012|5897.323
58.8|0.006|5862.615
53.0|0.013|5937.977
59.3|0.005|5938.349
54.4|0.009|5938.759
60.2|0.009|5938.931
56.3|0.012|5886.590
46.8|0.012|5942.613
59.4|0.005|5943.042
59.9|0.005|5943.235
52.7|0.012|5920.814
53.8|0.007|5921.765
60.0|0.005|5922.175
60.3|0.005|5922.347
60.0|0.019|5874.333
58.4|0.008|5875.566
58.3|0.026|5879.875
49.6|0.011|5850.118
59.6|0.007|5850.278
54.4|0.021|5899.632
58.3|0.008|5899.686
59.7|0.008|5901.866
60.2|0.007|5901.901
60.1|0.007|5902.448
50.9|0.023|5918.777
53.0|0.007|5873.700
59.9|0.005|5873.894
59.9|0.005|5874.304
31.8|0.019|5919.724
58.2|0.007|5920.735
50.3|0.011|5876.728
59.3|0.007|5877.138
41.6|0.014|5919.188
57.3|0.011|5934.953
51.9|0.010|5935.325
59.9|0.007|5938.244
59.9|0.009|5938.416
60.2|0.006|5935.668
54.9|0.022|5906.717
58.3|0.009|5907.146
60.1|0.006|5907.317
60.1|0.006|5909.439
60.2|0.007|5909.611
59.9|0.006|5910.021
59.9|0.006|5910.568
59.9|0.006|5913.642
60.0|0.006|5914.188
60.2|0.006|5914.224
60.2|0.006|5916.561
43.2|0.016|5927.610
58.9|0.006|5928.197
59.9|0.006|5928.232
39.9|0.015|5891.559
57.1|0.005|5939.718
50.8|0.012|5914.244
59.8|0.009|5916.142
59.7|0.012|5877.145
59.6|0.021|5886.429
58.0|0.007|5886.997
59.9|0.007|5887.032
59.9|0.006|5889.514
60.3|0.006|5889.549
60.0|0.006|5890.096
59.8|0.006|5890.131
33.7|0.023|5902.205
54.3|0.008|5874.075
60.1|0.007|5875.097
60.2|0.006|5875.132
60.0|0.006|5876.339
33.1|0.007|5922.005
57.9|0.005|5922.552
53.4|0.008|5954.661
52.8|0.014|5941.915
51.1|0.008|5870.171
59.2|0.015|5873.979
58.5|0.005|5874.014
60.0|0.005|5875.221
60.3|0.005|5875.256
59.1|0.007|5927.282
55.1|0.008|5927.317
46.6|0.011|5902.752
59.3|0.007|5902.806
60.2|0.007|5955.627
60.3|0.007|5951.429
60.2|0.006|5896.602
59.2|0.007|5914.531
60.0|0.007|5922.278
61.1|0.009|5924.363
60.2|0.010|5925.300
61.2|0.011|5925.710
60.5|0.011|5925.882
54.3|0.011|5899.395
60.2|0.011|5899.713
58.3|0.009|5908.134
60.1|0.007|5910.149
60.1|0.007|5912.350
60.1|0.008|5919.369
60.0|0.009|5920.680
60.3|0.007|5921.438
47.5|0.022|6311.546
59.3|0.006|6311.600
55.0|0.010|6309.217
59.8|0.007|5987.394
60.1|0.005|5991.198
60.1|0.006|6002.030
59.8|0.006|6027.278
59.8|0.006|6027.313
60.3|0.009|6029.795
60.2|0.005|6029.830
60.1|0.006|6030.377
60.0|0.006|6030.412
60.1|0.006|6031.561
59.8|0.005|6031.596
59.7|0.006|6034.015
59.9|0.006|6034.050
35.3|0.031|5972.607
57.3|0.007|6000.317
60.0|0.006|6001.526
59.9|0.006|6001.562
59.8|0.007|6004.063
59.8|0.007|5997.018
48.2|0.011|5961.483
53.9|0.009|5963.112
59.7|0.007|5965.253
60.2|0.007|5965.663
60.1|0.011|6001.773
59.8|0.006|6001.136
57.9|0.007|6001.433
60.2|0.006|5999.131
60.2|0.007|5999.303
59.8|0.006|5998.023
60.1|0.006|5953.046
59.8|0.006|5942.828
60.1|0.006|5943.000
60.1|0.006|5944.012
59.9|0.006|5944.184
45.8|0.012|6011.548
59.1|0.006|6011.720
60.1|0.005|6013.770
60.0|0.006|6013.941
60.0|0.005|6014.352
60.1|0.006|6014.523
59.9|0.006|6004.386
60.3|0.006|6000.960
59.3|0.006|6010.469
49.8|0.010|5983.361
59.4|0.005|5984.587
60.3|0.007|5984.622
60.2|0.006|5985.169
59.7|0.006|5985.204
39.0|0.017|5953.284
58.6|0.008|5953.338
60.2|0.006|5956.394
59.8|0.006|5956.429
59.9|0.006|5958.930
60.2|0.006|5958.965
60.2|0.006|5959.512
41.0|0.016|5962.390
58.9|0.006|5963.637
55.9|0.007|5988.019
58.4|0.014|5910.621
55.0|0.010|5910.675
59.9|0.006|5914.412
60.0|0.006|5914.447
39.7|0.016|5951.543
58.9|0.007|5951.972
59.7|0.006|5901.476
59.3|0.005|5913.656
60.2|0.006|5913.828
59.9|0.006|5914.734
59.8|0.005|5915.012
60.0|0.005|5916.087
60.1|0.006|5918.030
47.3|0.011|5918.937
58.5|0.020|5968.196
46.6|0.011|5901.718
59.6|0.006|5901.930
60.0|0.006|5904.108
59.5|0.006|5905.574
60.1|0.006|5905.984
60.0|0.005|5906.156
58.8|0.005|5909.604
60.4|0.006|5909.776
60.3|0.005|5910.187
59.9|0.005|5910.358
54.4|0.008|5948.102
56.5|0.008|5959.604
57.1|0.006|5960.032
55.1|0.013|5944.229
43.5|0.012|5932.291
59.1|0.006|5938.920
60.2|0.005|5941.765
60.4|0.005|5941.958
60.4|0.005|5959.870
59.6|0.005|5963.030
60.2|0.005|5967.789
60.7|0.009|5968.698
60.5|0.012|5969.710
61.2|0.011|5969.882
56.0|0.021|5929.547
57.7|0.015|5929.740
59.4|0.016|5934.613
60.0|0.017|5934.785
58.6|0.010|5935.195
60.7|0.010|5935.367
59.9|0.009|5937.279
60.9|0.016|5964.394
60.6|0.011|5964.804
60.8|0.010|5965.886
61.2|0.009|5966.046
58.9|0.010|5967.258
60.0|0.006|5969.523
60.1|0.006|5970.566
59.8|0.006|5971.971
60.2|0.006|5972.518
60.0|0.006|5972.553
60.2|0.006|5974.634
60.2|0.006|5974.774
60.3|0.006|5975.321
40.6|0.006|5975.356
52.6|0.011|5978.377
59.8|0.011|5978.412
52.2|0.014|5978.980
55.7|0.012|5979.016
58.6|0.010|5972.575
59.4|0.015|5972.000
60.5|0.017|5970.909
54.6|0.015|5970.944
59.8|0.018|5970.055
57.5|0.011|5970.090
55.7|0.010|5937.811
60.0|0.015|5937.846
60.2|0.016|5938.994
60.4|0.017|5939.029
60.3|0.016|5939.576
60.3|0.017|5939.611
60.6|0.017|5940.760
60.3|0.017|5941.893
60.4|0.017|5942.439
60.4|0.017|5942.475
60.2|0.017|5945.108
60.2|0.017|5945.144
60.2|0.017|5945.690
60.3|0.017|5945.726
60.0|0.017|5946.874
60.2|0.017|5946.909
60.0|0.017|5947.456
59.6|0.017|5947.491
57.0|0.009|5949.540
59.7|0.008|5951.403
55.9|0.012|5953.854
56.8|0.012|5953.889
53.9|0.011|5955.037
55.0|0.011|5970.036
58.0|0.012|5970.583
60.7|0.011|5970.618
59.1|0.008|5972.803
59.4|0.011|5972.838
54.3|0.013|5978.888
58.6|0.007|5978.923
60.1|0.006|5983.041
60.2|0.006|5983.076
56.3|0.011|5983.623
58.4|0.012|5984.529
60.2|0.010|5984.807
55.8|0.013|5985.217
56.8|0.012|5985.389
60.4|0.011|5986.295
60.2|0.015|5986.572
60.3|0.016|5987.596
55.5|0.008|5989.026
57.5|0.008|5989.933
57.9|0.011|5991.308
56.3|0.009|5991.718
54.8|0.012|5991.890
60.0|0.017|5992.796
53.6|0.023|6011.993
60.1|0.009|6012.028
60.4|0.011|5942.223
60.3|0.015|5942.258
60.1|0.016|5944.405
59.8|0.016|5944.440
60.2|0.016|5945.687
60.3|0.017|5945.722
55.0|0.020|5951.895
59.1|0.009|5951.930
60.1|0.016|5952.691
59.6|0.016|5952.727
59.8|0.017|5954.979
58.9|0.008|5961.729
59.8|0.005|5962.537
59.9|0.006|5964.037
60.2|0.005|5964.178
60.3|0.005|5965.182
60.2|0.005|5965.217
60.1|0.005|5967.689
60.0|0.005|5968.928
60.3|0.007|5970.283
60.2|0.004|5970.904
59.5|0.007|5826.715
59.8|0.006|5827.000
60.2|0.010|5835.515
57.9|0.016|5836.300
54.9|0.014|5845.468
57.8|0.017|5845.894
60.1|0.015|5847.655
60.3|0.015|5910.865
60.3|0.015|5912.997
59.5|0.012|5915.617
60.4|0.015|5919.086
59.7|0.015|5921.102
61.3|0.014|5900.378
60.2|0.015|5903.642
60.1|0.015|5905.036
60.1|0.015|5906.192
60.1|0.015|5910.879
60.4|0.015|5912.113
54.3|0.014|5942.700
59.6|0.014|5944.026
59.8|0.015|5947.374
59.8|0.014|5944.676
59.8|0.014|5898.819
55.9|0.014|5877.923
59.7|0.015|5883.366
60.2|0.014|5961.730
57.8|0.014|5964.791
60.1|0.014|5967.127
60.3|0.014|5904.517
58.1|0.006|5905.418
59.9|0.014|5908.332
60.3|0.007|5918.004
59.9|0.006|5921.352
60.0|0.006|5923.425
60.2|0.005|5940.662
60.1|0.005|5943.037
60.2|0.062|5903.332
60.2|0.016|5912.737
60.2|0.014|5912.772
60.1|0.014|5913.826
59.9|0.014|5913.986
60.1|0.014|5914.990
59.9|0.013|5915.025
60.1|0.014|5916.631
60.1|0.014|5919.050
60.1|0.014|5919.812
60.1